номер   начало     сопротивления      источники  
ветви   -конец                      ЭДС      тока
    1       21            730          800        0
    2       15            920            0        0
    3       53            420            0        0
    4       34            930          700        1
    5       46            480            0        0
    6       62            460            0        0
    7       52            170            0        0
    8       14            820            0        2

