Номер    Начало         Сопротивления          Источник ЭДС    Источник тока 
ветви    -конец      R       XL       XC       мод.     арг.   мод.      агр. 
  1        5 1       0       56        0         0        0      0         0
  2        1 2       0       55       36         0        0      0         0
  3        2 6      85        0        0         0        0      0         0
  4        6 3       0       13       56         0        0      0         0
  5        3 4      94        0       25        98      355      0         0
  6        4 5      71        0        0         0        0      0         0
  7        1 3      89        0       18         0        0      0         0
  8        2 5       0       35        0         0        0      0         0
